File,DATA770.txt
Date/Time,16-04-21/13:43
2014-11-26                 
Center,659.0,nm
Span,20.0,nm
Start,649.0,nm
Stop,669.0,nm
Value in Air
Resolution,0.1,nm
Act-Res,0.106,nm
VBW,1000,Hz
Average,Off
Smooth,Off
Smplg,1001,pt
Opt.ATT,Off
Dynamic Range,Normal
Peak Hold,1,msec



Trace,A
Memory,A
Start,649.0,nm
Stop,669.0,nm
649.0,0.4370E-5,1.0000E-12
649.02,0.4431E-5,1.0000E-12
649.04,0.3628E-5,1.0000E-12
649.06,0.4587E-5,1.0000E-12
649.08,0.4147E-5,1.0000E-12
649.1,0.3308E-5,1.0000E-12
649.12,0.4745E-5,1.0000E-12
649.14,0.3287E-5,1.0000E-12
649.16,0.3088E-5,1.0000E-12
649.18,0.4181E-5,1.0000E-12
649.2,0.5127E-5,1.0000E-12
649.22,0.2363E-5,1.0000E-12
649.24,0.4190E-5,1.0000E-12
649.26,0.3433E-5,1.0000E-12
649.28,0.4400E-5,1.0000E-12
649.3,0.4663E-5,1.0000E-12
649.32,0.4895E-5,1.0000E-12
649.34,0.3372E-5,1.0000E-12
649.36,0.3705E-5,1.0000E-12
649.38,0.4532E-5,1.0000E-12
649.4,0.4587E-5,1.0000E-12
649.42,0.3515E-5,1.0000E-12
649.44,0.4892E-5,1.0000E-12
649.46,0.3857E-5,1.0000E-12
649.48,0.4431E-5,1.0000E-12
649.5,0.2993E-5,1.0000E-12
649.52,0.3882E-5,1.0000E-12
649.54,0.3973E-5,1.0000E-12
649.56,0.4706E-5,1.0000E-12
649.58,0.3647E-5,1.0000E-12
649.6,0.2948E-5,1.0000E-12
649.62,0.4312E-5,1.0000E-12
649.64,0.4031E-5,1.0000E-12
649.66,0.4107E-5,1.0000E-12
649.68,0.3854E-5,1.0000E-12
649.7,0.3775E-5,1.0000E-12
649.72,0.3683E-5,1.0000E-12
649.74,0.4370E-5,1.0000E-12
649.76,0.5057E-5,1.0000E-12
649.78,0.3604E-5,1.0000E-12
649.8,0.4544E-5,1.0000E-12
649.82,0.4101E-5,1.0000E-12
649.84,0.3930E-5,1.0000E-12
649.86,0.3390E-5,1.0000E-12
649.88,0.4513E-5,1.0000E-12
649.9,0.4950E-5,1.0000E-12
649.92,0.4025E-5,1.0000E-12
649.94,0.4242E-5,1.0000E-12
649.96,0.4681E-5,1.0000E-12
649.98,0.5630E-5,1.0000E-12
650.0,0.3644E-5,1.0000E-12
650.02,0.4809E-5,1.0000E-12
650.04,0.5212E-5,1.0000E-12
650.06,0.4822E-5,1.0000E-12
650.08,0.5667E-5,1.0000E-12
650.1,0.5118E-5,1.0000E-12
650.12,0.4877E-5,1.0000E-12
650.14,0.5368E-5,1.0000E-12
650.16,0.4587E-5,1.0000E-12
650.18,0.4669E-5,1.0000E-12
650.2,0.5127E-5,1.0000E-12
650.22,0.4745E-5,1.0000E-12
650.24,0.4697E-5,1.0000E-12
650.26,0.5539E-5,1.0000E-12
650.28,0.5368E-5,1.0000E-12
650.3,0.4300E-5,1.0000E-12
650.32,0.5035E-5,1.0000E-12
650.34,0.5475E-5,1.0000E-12
650.36,0.5725E-5,1.0000E-12
650.38,0.5463E-5,1.0000E-12
650.4,0.5301E-5,1.0000E-12
650.42,0.5075E-5,1.0000E-12
650.44,0.5646E-5,1.0000E-12
650.46,0.5478E-5,1.0000E-12
650.48,0.5774E-5,1.0000E-12
650.5,0.4990E-5,1.0000E-12
650.52,0.5960E-5,1.0000E-12
650.54,0.5780E-5,1.0000E-12
650.56,0.5875E-5,1.0000E-12
650.58,0.5618E-5,1.0000E-12
650.6,0.4718E-5,1.0000E-12
650.62,0.6766E-5,1.0000E-12
650.64,0.5154E-5,1.0000E-12
650.66,0.5228E-5,1.0000E-12
650.68,0.5136E-5,1.0000E-12
650.7,0.5887E-5,1.0000E-12
650.72,0.5814E-5,1.0000E-12
650.74,0.6519E-5,1.0000E-12
650.76,0.5923E-5,1.0000E-12
650.78,0.5673E-5,1.0000E-12
650.8,0.6540E-5,1.0000E-12
650.82,0.6250E-5,1.0000E-12
650.84,0.5365E-5,1.0000E-12
650.86,0.5685E-5,1.0000E-12
650.88,0.5362E-5,1.0000E-12
650.9,0.5487E-5,1.0000E-12
650.92,0.5920E-5,1.0000E-12
650.94,0.5969E-5,1.0000E-12
650.96,0.6174E-5,1.0000E-12
650.98,0.5801E-5,1.0000E-12
651.0,0.5225E-5,1.0000E-12
651.02,0.6357E-5,1.0000E-12
651.04,0.5099E-5,1.0000E-12
651.06,0.5304E-5,1.0000E-12
651.08,0.5243E-5,1.0000E-12
651.1,0.5624E-5,1.0000E-12
651.12,0.5133E-5,1.0000E-12
651.14,0.5533E-5,1.0000E-12
651.16,0.4858E-5,1.0000E-12
651.18,0.5991E-5,1.0000E-12
651.2,0.5530E-5,1.0000E-12
651.22,0.5341E-5,1.0000E-12
651.24,0.5368E-5,1.0000E-12
651.26,0.5856E-5,1.0000E-12
651.28,0.5377E-5,1.0000E-12
651.3,0.6143E-5,1.0000E-12
651.32,0.6036E-5,1.0000E-12
651.34,0.6186E-5,1.0000E-12
651.36,0.5542E-5,1.0000E-12
651.38,0.5234E-5,1.0000E-12
651.4,0.5585E-5,1.0000E-12
651.42,0.5463E-5,1.0000E-12
651.44,0.4996E-5,1.0000E-12
651.46,0.5633E-5,1.0000E-12
651.48,0.5603E-5,1.0000E-12
651.5,0.4422E-5,1.0000E-12
651.52,0.5426E-5,1.0000E-12
651.54,0.6219E-5,1.0000E-12
651.56,0.5621E-5,1.0000E-12
651.58,0.5469E-5,1.0000E-12
651.6,0.5884E-5,1.0000E-12
651.62,0.6528E-5,1.0000E-12
651.64,0.6152E-5,1.0000E-12
651.66,0.5823E-5,1.0000E-12
651.68,0.7349E-5,1.0000E-12
651.7,0.6522E-5,1.0000E-12
651.72,0.6235E-5,1.0000E-12
651.74,0.6631E-5,1.0000E-12
651.76,0.6516E-5,1.0000E-12
651.78,0.5975E-5,1.0000E-12
651.8,0.6552E-5,1.0000E-12
651.82,0.6494E-5,1.0000E-12
651.84,0.7553E-5,1.0000E-12
651.86,0.7092E-5,1.0000E-12
651.88,0.7715E-5,1.0000E-12
651.9,0.6143E-5,1.0000E-12
651.92,0.7974E-5,1.0000E-12
651.94,0.6396E-5,1.0000E-12
651.96,0.6247E-5,1.0000E-12
651.98,0.6619E-5,1.0000E-12
652.0,0.6250E-5,1.0000E-12
652.02,0.6149E-5,1.0000E-12
652.04,0.5069E-5,1.0000E-12
652.06,0.5872E-5,1.0000E-12
652.08,0.5899E-5,1.0000E-12
652.1,0.5081E-5,1.0000E-12
652.12,0.6277E-5,1.0000E-12
652.14,0.6003E-5,1.0000E-12
652.16,0.6256E-5,1.0000E-12
652.18,0.5984E-5,1.0000E-12
652.2,0.6497E-5,1.0000E-12
652.22,0.5048E-5,1.0000E-12
652.24,0.5948E-5,1.0000E-12
652.26,0.6897E-5,1.0000E-12
652.28,0.6244E-5,1.0000E-12
652.3,0.6540E-5,1.0000E-12
652.32,0.7095E-5,1.0000E-12
652.34,0.6488E-5,1.0000E-12
652.36,0.6705E-5,1.0000E-12
652.38,0.6311E-5,1.0000E-12
652.4,0.7266E-5,1.0000E-12
652.42,0.8563E-5,1.0000E-12
652.44,0.7868E-5,1.0000E-12
652.46,0.7721E-5,1.0000E-12
652.48,0.7544E-5,1.0000E-12
652.5,0.6314E-5,1.0000E-12
652.52,0.7428E-5,1.0000E-12
652.54,0.7538E-5,1.0000E-12
652.56,0.6854E-5,1.0000E-12
652.58,0.7227E-5,1.0000E-12
652.6,0.7098E-5,1.0000E-12
652.62,0.7703E-5,1.0000E-12
652.64,0.7642E-5,1.0000E-12
652.66,0.7401E-5,1.0000E-12
652.68,0.7367E-5,1.0000E-12
652.7,0.7922E-5,1.0000E-12
652.72,0.8246E-5,1.0000E-12
652.74,0.8447E-5,1.0000E-12
652.76,0.9879E-5,1.0000E-12
652.78,0.8972E-5,1.0000E-12
652.8,0.7816E-5,1.0000E-12
652.82,0.9430E-5,1.0000E-12
652.84,0.8737E-5,1.0000E-12
652.86,0.9513E-5,1.0000E-12
652.88,0.8902E-5,1.0000E-12
652.9,0.8533E-5,1.0000E-12
652.92,0.9256E-5,1.0000E-12
652.94,0.8685E-5,1.0000E-12
652.96,0.9229E-5,1.0000E-12
652.98,0.8890E-5,1.0000E-12
653.0,0.8765E-5,1.0000E-12
653.02,0.9619E-5,1.0000E-12
653.04,0.9479E-5,1.0000E-12
653.06,0.8808E-5,1.0000E-12
653.08,0.1041E-4,1.0000E-12
653.1,0.1028E-4,1.0000E-12
653.12,0.9427E-5,1.0000E-12
653.14,0.9189E-5,1.0000E-12
653.16,0.9412E-5,1.0000E-12
653.18,0.9009E-5,1.0000E-12
653.2,0.8704E-5,1.0000E-12
653.22,0.8017E-5,1.0000E-12
653.24,0.8008E-5,1.0000E-12
653.26,0.6970E-5,1.0000E-12
653.28,0.7590E-5,1.0000E-12
653.3,0.7642E-5,1.0000E-12
653.32,0.7297E-5,1.0000E-12
653.34,0.7037E-5,1.0000E-12
653.36,0.6064E-5,1.0000E-12
653.38,0.5530E-5,1.0000E-12
653.4,0.6741E-5,1.0000E-12
653.42,0.6586E-5,1.0000E-12
653.44,0.6793E-5,1.0000E-12
653.46,0.6787E-5,1.0000E-12
653.48,0.7565E-5,1.0000E-12
653.5,0.6958E-5,1.0000E-12
653.52,0.7269E-5,1.0000E-12
653.54,0.7086E-5,1.0000E-12
653.56,0.6741E-5,1.0000E-12
653.58,0.6876E-5,1.0000E-12
653.6,0.6519E-5,1.0000E-12
653.62,0.6970E-5,1.0000E-12
653.64,0.6497E-5,1.0000E-12
653.66,0.7040E-5,1.0000E-12
653.68,0.6818E-5,1.0000E-12
653.7,0.6238E-5,1.0000E-12
653.72,0.6296E-5,1.0000E-12
653.74,0.5838E-5,1.0000E-12
653.76,0.6555E-5,1.0000E-12
653.78,0.6293E-5,1.0000E-12
653.8,0.5920E-5,1.0000E-12
653.82,0.6329E-5,1.0000E-12
653.84,0.6644E-5,1.0000E-12
653.86,0.7013E-5,1.0000E-12
653.88,0.7712E-5,1.0000E-12
653.9,0.8090E-5,1.0000E-12
653.92,0.8402E-5,1.0000E-12
653.94,0.7471E-5,1.0000E-12
653.96,0.7834E-5,1.0000E-12
653.98,0.8978E-5,1.0000E-12
654.0,0.8655E-5,1.0000E-12
654.02,0.9555E-5,1.0000E-12
654.04,0.9626E-5,1.0000E-12
654.06,0.8335E-5,1.0000E-12
654.08,0.9259E-5,1.0000E-12
654.1,0.8972E-5,1.0000E-12
654.12,0.9250E-5,1.0000E-12
654.14,0.8380E-5,1.0000E-12
654.16,0.8890E-5,1.0000E-12
654.18,0.9354E-5,1.0000E-12
654.2,0.9900E-5,1.0000E-12
654.22,0.9980E-5,1.0000E-12
654.24,0.1017E-4,1.0000E-12
654.26,0.1008E-4,1.0000E-12
654.28,0.9864E-5,1.0000E-12
654.3,0.1046E-4,1.0000E-12
654.32,0.1032E-4,1.0000E-12
654.34,0.1098E-4,1.0000E-12
654.36,0.1105E-4,1.0000E-12
654.38,0.1007E-4,1.0000E-12
654.4,0.1081E-4,1.0000E-12
654.42,0.1059E-4,1.0000E-12
654.44,0.1046E-4,1.0000E-12
654.46,0.1046E-4,1.0000E-12
654.48,0.1009E-4,1.0000E-12
654.5,0.1026E-4,1.0000E-12
654.52,0.1028E-4,1.0000E-12
654.54,0.9448E-5,1.0000E-12
654.56,0.9479E-5,1.0000E-12
654.58,0.1027E-4,1.0000E-12
654.6,0.9235E-5,1.0000E-12
654.62,0.9943E-5,1.0000E-12
654.64,0.1018E-4,1.0000E-12
654.66,0.1001E-4,1.0000E-12
654.68,0.1016E-4,1.0000E-12
654.7,0.1017E-4,1.0000E-12
654.72,0.9861E-5,1.0000E-12
654.74,0.1111E-4,1.0000E-12
654.76,0.1112E-4,1.0000E-12
654.78,0.1222E-4,1.0000E-12
654.8,0.1129E-4,1.0000E-12
654.82,0.1134E-4,1.0000E-12
654.84,0.1253E-4,1.0000E-12
654.86,0.1300E-4,1.0000E-12
654.88,0.1334E-4,1.0000E-12
654.9,0.1346E-4,1.0000E-12
654.92,0.1452E-4,1.0000E-12
654.94,0.1478E-4,1.0000E-12
654.96,0.1493E-4,1.0000E-12
654.98,0.1527E-4,1.0000E-12
655.0,0.1403E-4,1.0000E-12
655.02,0.1508E-4,1.0000E-12
655.04,0.1469E-4,1.0000E-12
655.06,0.1405E-4,1.0000E-12
655.08,0.1522E-4,1.0000E-12
655.1,0.1442E-4,1.0000E-12
655.12,0.1638E-4,1.0000E-12
655.14,0.1691E-4,1.0000E-12
655.16,0.1753E-4,1.0000E-12
655.18,0.1809E-4,1.0000E-12
655.2,0.1801E-4,1.0000E-12
655.22,0.1873E-4,1.0000E-12
655.24,0.1920E-4,1.0000E-12
655.26,0.1786E-4,1.0000E-12
655.28,0.1758E-4,1.0000E-12
655.3,0.1759E-4,1.0000E-12
655.32,0.1721E-4,1.0000E-12
655.34,0.1541E-4,1.0000E-12
655.36,0.1510E-4,1.0000E-12
655.38,0.1716E-4,1.0000E-12
655.4,0.1693E-4,1.0000E-12
655.42,0.1654E-4,1.0000E-12
655.44,0.1755E-4,1.0000E-12
655.46,0.1876E-4,1.0000E-12
655.48,0.1951E-4,1.0000E-12
655.5,0.2070E-4,1.0000E-12
655.52,0.2035E-4,1.0000E-12
655.54,0.2101E-4,1.0000E-12
655.56,0.2114E-4,1.0000E-12
655.58,0.2215E-4,1.0000E-12
655.6,0.2267E-4,1.0000E-12
655.62,0.2209E-4,1.0000E-12
655.64,0.2306E-4,1.0000E-12
655.66,0.2271E-4,1.0000E-12
655.68,0.2352E-4,1.0000E-12
655.7,0.2286E-4,1.0000E-12
655.72,0.2383E-4,1.0000E-12
655.74,0.2312E-4,1.0000E-12
655.76,0.2395E-4,1.0000E-12
655.78,0.2321E-4,1.0000E-12
655.8,0.2407E-4,1.0000E-12
655.82,0.2466E-4,1.0000E-12
655.84,0.2447E-4,1.0000E-12
655.86,0.2537E-4,1.0000E-12
655.88,0.2525E-4,1.0000E-12
655.9,0.2607E-4,1.0000E-12
655.92,0.2574E-4,1.0000E-12
655.94,0.2476E-4,1.0000E-12
655.96,0.2553E-4,1.0000E-12
655.98,0.2502E-4,1.0000E-12
656.0,0.2581E-4,1.0000E-12
656.02,0.2366E-4,1.0000E-12
656.04,0.2454E-4,1.0000E-12
656.06,0.2287E-4,1.0000E-12
656.08,0.2212E-4,1.0000E-12
656.1,0.2134E-4,1.0000E-12
656.12,0.2180E-4,1.0000E-12
656.14,0.2205E-4,1.0000E-12
656.16,0.2269E-4,1.0000E-12
656.18,0.2312E-4,1.0000E-12
656.2,0.2354E-4,1.0000E-12
656.22,0.2618E-4,1.0000E-12
656.24,0.2801E-4,1.0000E-12
656.26,0.2978E-4,1.0000E-12
656.28,0.3225E-4,1.0000E-12
656.3,0.3531E-4,1.0000E-12
656.32,0.3637E-4,1.0000E-12
656.34,0.3802E-4,1.0000E-12
656.36,0.3781E-4,1.0000E-12
656.38,0.3909E-4,1.0000E-12
656.4,0.3992E-4,1.0000E-12
656.42,0.3967E-4,1.0000E-12
656.44,0.4074E-4,1.0000E-12
656.46,0.3958E-4,1.0000E-12
656.48,0.4147E-4,1.0000E-12
656.5,0.4275E-4,1.0000E-12
656.52,0.4413E-4,1.0000E-12
656.54,0.4550E-4,1.0000E-12
656.56,0.4755E-4,1.0000E-12
656.58,0.4562E-4,1.0000E-12
656.6,0.4697E-4,1.0000E-12
656.62,0.4623E-4,1.0000E-12
656.64,0.4825E-4,1.0000E-12
656.66,0.4562E-4,1.0000E-12
656.68,0.4480E-4,1.0000E-12
656.7,0.4416E-4,1.0000E-12
656.72,0.4300E-4,1.0000E-12
656.74,0.4288E-4,1.0000E-12
656.76,0.4117E-4,1.0000E-12
656.78,0.4046E-4,1.0000E-12
656.8,0.4050E-4,1.0000E-12
656.82,0.3879E-4,1.0000E-12
656.84,0.3876E-4,1.0000E-12
656.86,0.3815E-4,1.0000E-12
656.88,0.3848E-4,1.0000E-12
656.9,0.3747E-4,1.0000E-12
656.92,0.3619E-4,1.0000E-12
656.94,0.3497E-4,1.0000E-12
656.96,0.3366E-4,1.0000E-12
656.98,0.3177E-4,1.0000E-12
657.0,0.3051E-4,1.0000E-12
657.02,0.2633E-4,1.0000E-12
657.04,0.2718E-4,1.0000E-12
657.06,0.2565E-4,1.0000E-12
657.08,0.2370E-4,1.0000E-12
657.1,0.2329E-4,1.0000E-12
657.12,0.2234E-4,1.0000E-12
657.14,0.2167E-4,1.0000E-12
657.16,0.2147E-4,1.0000E-12
657.18,0.2227E-4,1.0000E-12
657.2,0.2284E-4,1.0000E-12
657.22,0.2298E-4,1.0000E-12
657.24,0.2441E-4,1.0000E-12
657.26,0.2502E-4,1.0000E-12
657.28,0.2738E-4,1.0000E-12
657.3,0.3058E-4,1.0000E-12
657.32,0.3329E-4,1.0000E-12
657.34,0.3613E-4,1.0000E-12
657.36,0.3897E-4,1.0000E-12
657.38,0.4184E-4,1.0000E-12
657.4,0.4645E-4,1.0000E-12
657.42,0.5017E-4,1.0000E-12
657.44,0.5258E-4,1.0000E-12
657.46,0.5872E-4,1.0000E-12
657.48,0.5832E-4,1.0000E-12
657.5,0.6277E-4,1.0000E-12
657.52,0.6439E-4,1.0000E-12
657.54,0.6757E-4,1.0000E-12
657.56,0.6961E-4,1.0000E-12
657.58,0.7053E-4,1.0000E-12
657.6,0.6897E-4,1.0000E-12
657.62,0.6912E-4,1.0000E-12
657.64,0.6638E-4,1.0000E-12
657.66,0.6564E-4,1.0000E-12
657.68,0.6003E-4,1.0000E-12
657.7,0.5801E-4,1.0000E-12
657.72,0.5337E-4,1.0000E-12
657.74,0.4932E-4,1.0000E-12
657.76,0.4785E-4,1.0000E-12
657.78,0.4526E-4,1.0000E-12
657.8,0.4422E-4,1.0000E-12
657.82,0.4339E-4,1.0000E-12
657.84,0.4535E-4,1.0000E-12
657.86,0.4620E-4,1.0000E-12
657.88,0.5002E-4,1.0000E-12
657.9,0.5145E-4,1.0000E-12
657.92,0.5551E-4,1.0000E-12
657.94,0.5914E-4,1.0000E-12
657.96,0.6119E-4,1.0000E-12
657.98,0.6320E-4,1.0000E-12
658.0,0.6525E-4,1.0000E-12
658.02,0.6601E-4,1.0000E-12
658.04,0.6525E-4,1.0000E-12
658.06,0.6381E-4,1.0000E-12
658.08,0.6122E-4,1.0000E-12
658.1,0.6046E-4,1.0000E-12
658.12,0.5664E-4,1.0000E-12
658.14,0.5536E-4,1.0000E-12
658.16,0.4718E-4,1.0000E-12
658.18,0.4574E-4,1.0000E-12
658.2,0.4614E-4,1.0000E-12
658.22,0.4617E-4,1.0000E-12
658.24,0.4907E-4,1.0000E-12
658.26,0.5301E-4,1.0000E-12
658.28,0.6357E-4,1.0000E-12
658.3,0.6439E-4,1.0000E-12
658.32,0.7437E-4,1.0000E-12
658.34,0.7901E-4,1.0000E-12
658.36,0.8783E-4,1.0000E-12
658.38,0.8994E-4,1.0000E-12
658.4,0.9610E-4,1.0000E-12
658.42,0.1033E-3,1.0000E-12
658.44,0.1066E-3,1.0000E-12
658.46,0.1104E-3,1.0000E-12
658.48,0.1151E-3,1.0000E-12
658.5,0.1153E-3,1.0000E-12
658.52,0.1238E-3,1.0000E-12
658.54,0.1251E-3,1.0000E-12
658.56,0.1280E-3,1.0000E-12
658.58,0.1313E-3,1.0000E-12
658.6,0.1251E-3,1.0000E-12
658.62,0.1251E-3,1.0000E-12
658.64,0.1171E-3,1.0000E-12
658.66,0.1102E-3,1.0000E-12
658.68,0.1083E-3,1.0000E-12
658.7,0.1113E-3,1.0000E-12
658.72,0.1147E-3,1.0000E-12
658.74,0.1317E-3,1.0000E-12
658.76,0.1360E-3,1.0000E-12
658.78,0.1597E-3,1.0000E-12
658.8,0.1825E-3,1.0000E-12
658.82,0.1853E-3,1.0000E-12
658.84,0.1936E-3,1.0000E-12
658.86,0.2039E-3,1.0000E-12
658.88,0.2207E-3,1.0000E-12
658.9,0.2390E-3,1.0000E-12
658.92,0.2524E-3,1.0000E-12
658.94,0.2554E-3,1.0000E-12
658.96,0.2716E-3,1.0000E-12
658.98,0.2803E-3,1.0000E-12
659.0,0.2694E-3,1.0000E-12
659.02,0.2581E-3,1.0000E-12
659.04,0.2444E-3,1.0000E-12
659.06,0.2371E-3,1.0000E-12
659.08,0.2361E-3,1.0000E-12
659.1,0.2198E-3,1.0000E-12
659.12,0.2211E-3,1.0000E-12
659.14,0.2372E-3,1.0000E-12
659.16,0.2455E-3,1.0000E-12
659.18,0.3149E-3,1.0000E-12
659.2,0.5069E-3,1.0000E-12
659.22,0.8792E-3,1.0000E-12
659.24,0.1225E-2,1.0000E-12
659.26,0.1247E-2,1.0000E-12
659.28,0.1259E-2,1.0000E-12
659.3,0.1095E-2,1.0000E-12
659.32,0.5548E-3,1.0000E-12
659.34,0.4184E-3,1.0000E-12
659.36,0.3714E-3,1.0000E-12
659.38,0.3872E-3,1.0000E-12
659.4,0.3998E-3,1.0000E-12
659.42,0.4465E-3,1.0000E-12
659.44,0.4791E-3,1.0000E-12
659.46,0.5609E-3,1.0000E-12
659.48,0.8515E-3,1.0000E-12
659.5,0.1335E-2,1.0000E-12
659.52,0.1070E-2,1.0000E-12
659.54,0.1216E-2,1.0000E-12
659.56,0.1127E-2,1.0000E-12
659.58,0.1017E-2,1.0000E-12
659.6,0.6406E-3,1.0000E-12
659.62,0.3976E-3,1.0000E-12
659.64,0.3863E-3,1.0000E-12
659.66,0.3686E-3,1.0000E-12
659.68,0.3479E-3,1.0000E-12
659.7,0.2937E-3,1.0000E-12
659.72,0.2786E-3,1.0000E-12
659.74,0.2829E-3,1.0000E-12
659.76,0.3137E-3,1.0000E-12
659.78,0.5789E-3,1.0000E-12
659.8,0.6989E-3,1.0000E-12
659.82,0.7785E-3,1.0000E-12
659.84,0.7816E-3,1.0000E-12
659.86,0.7535E-3,1.0000E-12
659.88,0.4385E-3,1.0000E-12
659.9,0.3921E-3,1.0000E-12
659.92,0.3757E-3,1.0000E-12
659.94,0.5414E-3,1.0000E-12
659.96,0.1975E-2,1.0000E-12
659.98,0.2787E-2,1.0000E-12
660.0,0.3741E-2,1.0000E-12
660.02,0.3714E-2,1.0000E-12
660.04,0.3366E-2,1.0000E-12
660.06,0.2116E-2,1.0000E-12
660.08,0.1248E-2,1.0000E-12
660.1,0.4367E-3,1.0000E-12
660.12,0.4721E-3,1.0000E-12
660.14,0.5148E-3,1.0000E-12
660.16,0.5566E-3,1.0000E-12
660.18,0.5582E-3,1.0000E-12
660.2,0.5386E-3,1.0000E-12
660.22,0.5270E-3,1.0000E-12
660.24,0.1234E-2,1.0000E-12
660.26,0.4758E-2,1.0000E-12
660.28,0.6747E-2,1.0000E-12
660.3,0.1539E-1,1.0000E-12
660.32,0.1603E-1,1.0000E-12
660.34,0.1530E-1,1.0000E-12
660.36,0.1377E-1,1.0000E-12
660.38,0.1072E-1,1.0000E-12
660.4,0.1173E-2,1.0000E-12
660.42,0.3763E-3,1.0000E-12
660.44,0.3244E-3,1.0000E-12
660.46,0.3171E-3,1.0000E-12
660.48,0.3106E-3,1.0000E-12
660.5,0.3082E-3,1.0000E-12
660.52,0.2943E-3,1.0000E-12
660.54,0.2523E-3,1.0000E-12
660.56,0.2499E-3,1.0000E-12
660.58,0.2149E-3,1.0000E-12
660.6,0.2116E-3,1.0000E-12
660.62,0.1855E-3,1.0000E-12
660.64,0.2136E-3,1.0000E-12
660.66,0.2399E-3,1.0000E-12
660.68,0.2785E-3,1.0000E-12
660.7,0.2875E-3,1.0000E-12
660.72,0.2949E-3,1.0000E-12
660.74,0.2939E-3,1.0000E-12
660.76,0.2662E-3,1.0000E-12
660.78,0.2150E-3,1.0000E-12
660.8,0.1988E-3,1.0000E-12
660.82,0.1917E-3,1.0000E-12
660.84,0.1842E-3,1.0000E-12
660.86,0.1836E-3,1.0000E-12
660.88,0.1755E-3,1.0000E-12
660.9,0.1726E-3,1.0000E-12
660.92,0.1699E-3,1.0000E-12
660.94,0.1679E-3,1.0000E-12
660.96,0.1645E-3,1.0000E-12
660.98,0.1632E-3,1.0000E-12
661.0,0.1572E-3,1.0000E-12
661.02,0.1556E-3,1.0000E-12
661.04,0.1483E-3,1.0000E-12
661.06,0.1388E-3,1.0000E-12
661.08,0.1377E-3,1.0000E-12
661.1,0.1313E-3,1.0000E-12
661.12,0.1279E-3,1.0000E-12
661.14,0.1314E-3,1.0000E-12
661.16,0.1201E-3,1.0000E-12
661.18,0.1237E-3,1.0000E-12
661.2,0.1198E-3,1.0000E-12
661.22,0.1168E-3,1.0000E-12
661.24,0.1148E-3,1.0000E-12
661.26,0.1146E-3,1.0000E-12
661.28,0.1202E-3,1.0000E-12
661.3,0.1170E-3,1.0000E-12
661.32,0.1181E-3,1.0000E-12
661.34,0.1136E-3,1.0000E-12
661.36,0.1148E-3,1.0000E-12
661.38,0.1082E-3,1.0000E-12
661.4,0.1181E-3,1.0000E-12
661.42,0.1051E-3,1.0000E-12
661.44,0.9259E-4,1.0000E-12
661.46,0.8908E-4,1.0000E-12
661.48,0.7687E-4,1.0000E-12
661.5,0.7581E-4,1.0000E-12
661.52,0.6488E-4,1.0000E-12
661.54,0.6418E-4,1.0000E-12
661.56,0.5939E-4,1.0000E-12
661.58,0.5847E-4,1.0000E-12
661.6,0.5853E-4,1.0000E-12
661.62,0.6021E-4,1.0000E-12
661.64,0.6656E-4,1.0000E-12
661.66,0.7398E-4,1.0000E-12
661.68,0.8121E-4,1.0000E-12
661.7,0.8945E-4,1.0000E-12
661.72,0.9635E-4,1.0000E-12
661.74,0.1024E-3,1.0000E-12
661.76,0.1052E-3,1.0000E-12
661.78,0.1073E-3,1.0000E-12
661.8,0.1006E-3,1.0000E-12
661.82,0.9824E-4,1.0000E-12
661.84,0.9015E-4,1.0000E-12
661.86,0.8737E-4,1.0000E-12
661.88,0.7745E-4,1.0000E-12
661.9,0.6628E-4,1.0000E-12
661.92,0.6595E-4,1.0000E-12
661.94,0.5695E-4,1.0000E-12
661.96,0.5719E-4,1.0000E-12
661.98,0.5542E-4,1.0000E-12
662.0,0.5685E-4,1.0000E-12
662.02,0.5780E-4,1.0000E-12
662.04,0.6290E-4,1.0000E-12
662.06,0.6683E-4,1.0000E-12
662.08,0.6842E-4,1.0000E-12
662.1,0.6766E-4,1.0000E-12
662.12,0.6555E-4,1.0000E-12
662.14,0.6818E-4,1.0000E-12
662.16,0.6296E-4,1.0000E-12
662.18,0.5710E-4,1.0000E-12
662.2,0.5264E-4,1.0000E-12
662.22,0.4877E-4,1.0000E-12
662.24,0.4721E-4,1.0000E-12
662.26,0.4449E-4,1.0000E-12
662.28,0.3946E-4,1.0000E-12
662.3,0.3653E-4,1.0000E-12
662.32,0.3409E-4,1.0000E-12
662.34,0.3293E-4,1.0000E-12
662.36,0.3050E-4,1.0000E-12
662.38,0.3299E-4,1.0000E-12
662.4,0.3283E-4,1.0000E-12
662.42,0.3427E-4,1.0000E-12
662.44,0.3592E-4,1.0000E-12
662.46,0.3708E-4,1.0000E-12
662.48,0.3753E-4,1.0000E-12
662.5,0.3723E-4,1.0000E-12
662.52,0.3900E-4,1.0000E-12
662.54,0.3818E-4,1.0000E-12
662.56,0.3860E-4,1.0000E-12
662.58,0.3891E-4,1.0000E-12
662.6,0.3842E-4,1.0000E-12
662.62,0.3943E-4,1.0000E-12
662.64,0.4034E-4,1.0000E-12
662.66,0.4190E-4,1.0000E-12
662.68,0.4361E-4,1.0000E-12
662.7,0.4336E-4,1.0000E-12
662.72,0.4486E-4,1.0000E-12
662.74,0.4437E-4,1.0000E-12
662.76,0.4495E-4,1.0000E-12
662.78,0.4425E-4,1.0000E-12
662.8,0.4471E-4,1.0000E-12
662.82,0.4269E-4,1.0000E-12
662.84,0.4336E-4,1.0000E-12
662.86,0.4095E-4,1.0000E-12
662.88,0.3668E-4,1.0000E-12
662.9,0.3741E-4,1.0000E-12
662.92,0.3467E-4,1.0000E-12
662.94,0.3323E-4,1.0000E-12
662.96,0.2965E-4,1.0000E-12
662.98,0.2848E-4,1.0000E-12
663.0,0.2624E-4,1.0000E-12
663.02,0.2502E-4,1.0000E-12
663.04,0.2632E-4,1.0000E-12
663.06,0.2703E-4,1.0000E-12
663.08,0.2784E-4,1.0000E-12
663.1,0.2789E-4,1.0000E-12
663.12,0.2857E-4,1.0000E-12
663.14,0.2908E-4,1.0000E-12
663.16,0.2973E-4,1.0000E-12
663.18,0.2948E-4,1.0000E-12
663.2,0.3076E-4,1.0000E-12
663.22,0.2960E-4,1.0000E-12
663.24,0.2964E-4,1.0000E-12
663.26,0.2907E-4,1.0000E-12
663.28,0.2817E-4,1.0000E-12
663.3,0.2702E-4,1.0000E-12
663.32,0.2647E-4,1.0000E-12
663.34,0.2522E-4,1.0000E-12
663.36,0.2588E-4,1.0000E-12
663.38,0.2400E-4,1.0000E-12
663.4,0.2379E-4,1.0000E-12
663.42,0.2276E-4,1.0000E-12
663.44,0.2170E-4,1.0000E-12
663.46,0.2070E-4,1.0000E-12
663.48,0.1932E-4,1.0000E-12
663.5,0.1937E-4,1.0000E-12
663.52,0.1936E-4,1.0000E-12
663.54,0.1827E-4,1.0000E-12
663.56,0.1976E-4,1.0000E-12
663.58,0.1864E-4,1.0000E-12
663.6,0.1977E-4,1.0000E-12
663.62,0.1999E-4,1.0000E-12
663.64,0.1969E-4,1.0000E-12
663.66,0.2132E-4,1.0000E-12
663.68,0.2104E-4,1.0000E-12
663.7,0.2351E-4,1.0000E-12
663.72,0.2417E-4,1.0000E-12
663.74,0.2557E-4,1.0000E-12
663.76,0.2659E-4,1.0000E-12
663.78,0.2806E-4,1.0000E-12
663.8,0.2837E-4,1.0000E-12
663.82,0.2897E-4,1.0000E-12
663.84,0.2965E-4,1.0000E-12
663.86,0.2863E-4,1.0000E-12
663.88,0.2679E-4,1.0000E-12
663.9,0.2654E-4,1.0000E-12
663.92,0.2562E-4,1.0000E-12
663.94,0.2446E-4,1.0000E-12
663.96,0.2384E-4,1.0000E-12
663.98,0.2207E-4,1.0000E-12
664.0,0.2173E-4,1.0000E-12
664.02,0.2144E-4,1.0000E-12
664.04,0.2035E-4,1.0000E-12
664.06,0.1923E-4,1.0000E-12
664.08,0.1855E-4,1.0000E-12
664.1,0.1907E-4,1.0000E-12
664.12,0.1877E-4,1.0000E-12
664.14,0.1986E-4,1.0000E-12
664.16,0.1954E-4,1.0000E-12
664.18,0.1979E-4,1.0000E-12
664.2,0.2024E-4,1.0000E-12
664.22,0.2016E-4,1.0000E-12
664.24,0.2167E-4,1.0000E-12
664.26,0.2040E-4,1.0000E-12
664.28,0.1908E-4,1.0000E-12
664.3,0.1950E-4,1.0000E-12
664.32,0.1794E-4,1.0000E-12
664.34,0.1775E-4,1.0000E-12
664.36,0.1664E-4,1.0000E-12
664.38,0.1611E-4,1.0000E-12
664.4,0.1551E-4,1.0000E-12
664.42,0.1534E-4,1.0000E-12
664.44,0.1468E-4,1.0000E-12
664.46,0.1473E-4,1.0000E-12
664.48,0.1452E-4,1.0000E-12
664.5,0.1539E-4,1.0000E-12
664.52,0.1426E-4,1.0000E-12
664.54,0.1528E-4,1.0000E-12
664.56,0.1633E-4,1.0000E-12
664.58,0.1659E-4,1.0000E-12
664.6,0.1655E-4,1.0000E-12
664.62,0.1785E-4,1.0000E-12
664.64,0.1756E-4,1.0000E-12
664.66,0.1853E-4,1.0000E-12
664.68,0.1745E-4,1.0000E-12
664.7,0.1796E-4,1.0000E-12
664.72,0.1707E-4,1.0000E-12
664.74,0.1732E-4,1.0000E-12
664.76,0.1586E-4,1.0000E-12
664.78,0.1542E-4,1.0000E-12
664.8,0.1402E-4,1.0000E-12
664.82,0.1428E-4,1.0000E-12
664.84,0.1315E-4,1.0000E-12
664.86,0.1219E-4,1.0000E-12
664.88,0.1143E-4,1.0000E-12
664.9,0.1169E-4,1.0000E-12
664.92,0.1041E-4,1.0000E-12
664.94,0.1008E-4,1.0000E-12
664.96,0.1031E-4,1.0000E-12
664.98,0.9284E-5,1.0000E-12
665.0,0.9748E-5,1.0000E-12
665.02,0.9317E-5,1.0000E-12
665.04,0.8640E-5,1.0000E-12
665.06,0.9415E-5,1.0000E-12
665.08,0.9210E-5,1.0000E-12
665.1,0.8667E-5,1.0000E-12
665.12,0.8835E-5,1.0000E-12
665.14,0.9919E-5,1.0000E-12
665.16,0.8319E-5,1.0000E-12
665.18,0.8713E-5,1.0000E-12
665.2,0.8963E-5,1.0000E-12
665.22,0.8338E-5,1.0000E-12
665.24,0.8786E-5,1.0000E-12
665.26,0.8716E-5,1.0000E-12
665.28,0.9397E-5,1.0000E-12
665.3,0.9653E-5,1.0000E-12
665.32,0.1006E-4,1.0000E-12
665.34,0.9467E-5,1.0000E-12
665.36,0.1007E-4,1.0000E-12
665.38,0.1149E-4,1.0000E-12
665.4,0.1122E-4,1.0000E-12
665.42,0.1083E-4,1.0000E-12
665.44,0.1182E-4,1.0000E-12
665.46,0.1146E-4,1.0000E-12
665.48,0.1233E-4,1.0000E-12
665.5,0.1236E-4,1.0000E-12
665.52,0.1169E-4,1.0000E-12
665.54,0.1128E-4,1.0000E-12
665.56,0.1201E-4,1.0000E-12
665.58,0.1190E-4,1.0000E-12
665.6,0.1269E-4,1.0000E-12
665.62,0.1240E-4,1.0000E-12
665.64,0.1259E-4,1.0000E-12
665.66,0.1290E-4,1.0000E-12
665.68,0.1213E-4,1.0000E-12
665.7,0.1215E-4,1.0000E-12
665.72,0.1136E-4,1.0000E-12
665.74,0.1094E-4,1.0000E-12
665.76,0.1043E-4,1.0000E-12
665.78,0.1010E-4,1.0000E-12
665.8,0.9113E-5,1.0000E-12
665.82,0.8896E-5,1.0000E-12
665.84,0.9049E-5,1.0000E-12
665.86,0.8652E-5,1.0000E-12
665.88,0.7660E-5,1.0000E-12
665.9,0.7791E-5,1.0000E-12
665.92,0.7709E-5,1.0000E-12
665.94,0.7507E-5,1.0000E-12
665.96,0.8115E-5,1.0000E-12
665.98,0.7810E-5,1.0000E-12
666.0,0.7269E-5,1.0000E-12
666.02,0.7446E-5,1.0000E-12
666.04,0.7431E-5,1.0000E-12
666.06,0.7407E-5,1.0000E-12
666.08,0.6818E-5,1.0000E-12
666.1,0.8298E-5,1.0000E-12
666.12,0.7974E-5,1.0000E-12
666.14,0.8124E-5,1.0000E-12
666.16,0.7501E-5,1.0000E-12
666.18,0.8273E-5,1.0000E-12
666.2,0.8899E-5,1.0000E-12
666.22,0.8460E-5,1.0000E-12
666.24,0.8347E-5,1.0000E-12
666.26,0.7242E-5,1.0000E-12
666.28,0.7361E-5,1.0000E-12
666.3,0.7150E-5,1.0000E-12
666.32,0.7538E-5,1.0000E-12
666.34,0.7382E-5,1.0000E-12
666.36,0.5606E-5,1.0000E-12
666.38,0.5957E-5,1.0000E-12
666.4,0.5679E-5,1.0000E-12
666.42,0.4928E-5,1.0000E-12
666.44,0.5008E-5,1.0000E-12
666.46,0.5286E-5,1.0000E-12
666.48,0.4297E-5,1.0000E-12
666.5,0.5789E-5,1.0000E-12
666.52,0.5051E-5,1.0000E-12
666.54,0.4767E-5,1.0000E-12
666.56,0.5362E-5,1.0000E-12
666.58,0.5576E-5,1.0000E-12
666.6,0.5798E-5,1.0000E-12
666.62,0.6360E-5,1.0000E-12
666.64,0.5444E-5,1.0000E-12
666.66,0.5914E-5,1.0000E-12
666.68,0.6738E-5,1.0000E-12
666.7,0.5713E-5,1.0000E-12
666.72,0.5554E-5,1.0000E-12
666.74,0.5212E-5,1.0000E-12
666.76,0.4928E-5,1.0000E-12
666.78,0.5737E-5,1.0000E-12
666.8,0.4910E-5,1.0000E-12
666.82,0.4480E-5,1.0000E-12
666.84,0.5145E-5,1.0000E-12
666.86,0.4379E-5,1.0000E-12
666.88,0.4068E-5,1.0000E-12
666.9,0.3805E-5,1.0000E-12
666.92,0.3827E-5,1.0000E-12
666.94,0.4397E-5,1.0000E-12
666.96,0.3552E-5,1.0000E-12
666.98,0.3122E-5,1.0000E-12
667.0,0.4031E-5,1.0000E-12
667.02,0.3280E-5,1.0000E-12
667.04,0.3030E-5,1.0000E-12
667.06,0.3445E-5,1.0000E-12
667.08,0.4083E-5,1.0000E-12
667.1,0.4016E-5,1.0000E-12
667.12,0.4468E-5,1.0000E-12
667.14,0.3760E-5,1.0000E-12
667.16,0.4361E-5,1.0000E-12
667.18,0.4089E-5,1.0000E-12
667.2,0.4605E-5,1.0000E-12
667.22,0.4126E-5,1.0000E-12
667.24,0.3650E-5,1.0000E-12
667.26,0.3250E-5,1.0000E-12
667.28,0.3659E-5,1.0000E-12
667.3,0.3885E-5,1.0000E-12
667.32,0.4025E-5,1.0000E-12
667.34,0.3595E-5,1.0000E-12
667.36,0.3384E-5,1.0000E-12
667.38,0.3302E-5,1.0000E-12
667.4,0.3979E-5,1.0000E-12
667.42,0.3879E-5,1.0000E-12
667.44,0.3415E-5,1.0000E-12
667.46,0.3824E-5,1.0000E-12
667.48,0.3222E-5,1.0000E-12
667.5,0.4285E-5,1.0000E-12
667.52,0.3012E-5,1.0000E-12
667.54,0.3888E-5,1.0000E-12
667.56,0.4211E-5,1.0000E-12
667.58,0.4263E-5,1.0000E-12
667.6,0.4175E-5,1.0000E-12
667.62,0.4416E-5,1.0000E-12
667.64,0.4523E-5,1.0000E-12
667.66,0.4773E-5,1.0000E-12
667.68,0.5157E-5,1.0000E-12
667.7,0.4346E-5,1.0000E-12
667.72,0.4510E-5,1.0000E-12
667.74,0.4574E-5,1.0000E-12
667.76,0.5096E-5,1.0000E-12
667.78,0.4022E-5,1.0000E-12
667.8,0.3576E-5,1.0000E-12
667.82,0.4120E-5,1.0000E-12
667.84,0.4272E-5,1.0000E-12
667.86,0.3882E-5,1.0000E-12
667.88,0.4019E-5,1.0000E-12
667.9,0.4294E-5,1.0000E-12
667.92,0.3503E-5,1.0000E-12
667.94,0.4022E-5,1.0000E-12
667.96,0.4013E-5,1.0000E-12
667.98,0.4532E-5,1.0000E-12
668.0,0.4700E-5,1.0000E-12
668.02,0.4526E-5,1.0000E-12
668.04,0.3830E-5,1.0000E-12
668.06,0.4556E-5,1.0000E-12
668.08,0.5026E-5,1.0000E-12
668.1,0.5096E-5,1.0000E-12
668.12,0.4703E-5,1.0000E-12
668.14,0.4883E-5,1.0000E-12
668.16,0.5261E-5,1.0000E-12
668.18,0.5734E-5,1.0000E-12
668.2,0.5386E-5,1.0000E-12
668.22,0.5951E-5,1.0000E-12
668.24,0.5405E-5,1.0000E-12
668.26,0.5258E-5,1.0000E-12
668.28,0.5933E-5,1.0000E-12
668.3,0.5548E-5,1.0000E-12
668.32,0.5463E-5,1.0000E-12
668.34,0.4806E-5,1.0000E-12
668.36,0.4700E-5,1.0000E-12
668.38,0.5057E-5,1.0000E-12
668.4,0.4269E-5,1.0000E-12
668.42,0.4153E-5,1.0000E-12
668.44,0.4220E-5,1.0000E-12
668.46,0.4349E-5,1.0000E-12
668.48,0.4230E-5,1.0000E-12
668.5,0.3988E-5,1.0000E-12
668.52,0.4718E-5,1.0000E-12
668.54,0.4046E-5,1.0000E-12
668.56,0.3729E-5,1.0000E-12
668.58,0.4526E-5,1.0000E-12
668.6,0.5618E-5,1.0000E-12
668.62,0.4080E-5,1.0000E-12
668.64,0.5102E-5,1.0000E-12
668.66,0.4965E-5,1.0000E-12
668.68,0.5966E-5,1.0000E-12
668.7,0.5948E-5,1.0000E-12
668.72,0.6323E-5,1.0000E-12
668.74,0.5753E-5,1.0000E-12
668.76,0.6146E-5,1.0000E-12
668.78,0.6326E-5,1.0000E-12
668.8,0.5759E-5,1.0000E-12
668.82,0.5673E-5,1.0000E-12
668.84,0.5298E-5,1.0000E-12
668.86,0.4983E-5,1.0000E-12
668.88,0.5530E-5,1.0000E-12
668.9,0.5008E-5,1.0000E-12
668.92,0.5627E-5,1.0000E-12
668.94,0.5209E-5,1.0000E-12
668.96,0.4867E-5,1.0000E-12
668.98,0.5112E-5,1.0000E-12
669.0,0.4861E-5,1.0000E-12
