X	Y						
0	20						
1	34						
2	48						
3	50						
4	46						
5	46						
6	47				9	10	
7	40				19	9	
8	25				28	9	
9	20		9		37	10	
10	33				47	10	
11	47				57	9	
12	47				66	10	
13	47				76	9	
14	46				85		1pixel‚ ‚½‚è/mm
15	44						0.105263158
16	42						
17	34						
18	20						
19	20		19				
20	36						
21	48						
22	49						
23	48						
24	48						
25	48						
26	44						
27	31						
28	18		28				
29	24						
30	41						
31	49						
32	48						
33	47						
34	47						
35	46						
36	32						
37	18		37				
38	22						
39	38						
40	48						
41	48						
42	47						
43	49						
44	49						
45	43						
46	28						
47	18		47				
48	27						
49	42						
50	47						
51	47						
52	48						
53	48						
54	46						
55	36						
56	20						
57	18		57				
58	34						
59	46						
60	48						
61	47						
62	48						
63	50						
64	42						
65	25						
66	17		66				
67	28						
68	43						
69	48						
70	47						
71	47						
72	48						
73	49						
74	39						
75	21						
76	19		76				
77	35						
78	46						
79	49						
80	50						
81	51						
82	51						
83	42						
84	25						
85	18		85				
86	31						
87	46						
88	50						
89	49						
90	51						
91	53						
92	51						
93	39						
94	21						
