X	Y						
0	1						
1	1						
2	1						
3	1						
4	1						
5	1						
6	1						
7	1						
8	1						
9	1						
10	2						
11	1						
12	1						
13	1						
14	1						
15	1						
16	1						
17	1						
18	1						
19	1				-	+	Œv
20	2			r0/pixel	59	97	19
21	2						
22	1						
23	2				Œ‹‰Ê		
24	2				r0/mm	2.28	
25	2						
26	2						
27	1				a/mm	0.085497386	
28	2						
29	1						
30	1						
31	2						
32	2						
33	2						
34	2						
35	2						
36	2						
37	4						
38	5						
39	6						
40	5						
41	5						
42	4						
43	3						
44	3						
45	4						
46	4						
47	4						
48	4						
49	7						
50	10						
51	12						
52	14						
53	16						
54	20						
55	19						
56	17						
57	15						
58	14						
59	13						
60	11						
61	9						
62	18						
63	40						
64	65						
65	81						
66	108						
67	147						
68	180						
69	225						
70	255						
71	252						
72	249						
73	251						
74	250						
75	250						
76	251						
77	252						
78	251						
79	250						
80	250						
81	251						
82	250						
83	250						
84	250						
85	250						
86	249						
87	252						
88	249						
89	237						
90	218						
91	167						
92	119						
93	99						
94	63						
95	30						
96	17						
97	11						
98	9						
99	11						
100	15						
101	20						
102	22						
103	20						
104	21						
105	21						
106	18						
107	13						
108	9						
109	9						
110	6						
111	3						
112	2						
113	2						
114	4						
115	6						
116	5						
117	6						
118	8						
119	7						
120	5						
121	5						
122	4						
123	3						
124	3						
125	2						
126	1						
127	1						
128	1						
129	1						
130	1						
131	2						
132	2						
133	2						
134	2						
135	3						
136	3						
137	2						
138	1						
139	1						
140	1						
141	1						
142	1						
143	1						
144	1						
145	1						
146	1						
147	1						
148	1						
149	1						
150	2						
151	1						
152	1						
153	1						
154	1						
155	1						
156	1						
157	1						
158	1						
159	1						
160	1						
161	1						
162	1						
163	1						
164	1						
165	1						
166	1						
167	1						
