X	Y						
0	6						
1	7						
2	7						
3	6						
4	7						
5	7						
6	6						
7	5						
8	6						
9	6						
10	6						
11	5						
12	6						
13	6						
14	6						
15	6						
16	7						
17	6						
18	6						
19	6						
20	6						
21	6						
22	6						
23	7						
24	7						
25	6						
26	6						
27	7						
28	8						
29	9						
30	8						
31	8						
32	9						
33	9						
34	9						
35	10						
36	11						
37	11						
38	13						
39	13						
40	14						
41	15						
42	16						
43	17						
44	17						
45	18						
46	19						
47	21						
48	22						
49	23						
50	25						
51	27						
52	28						
53	30						
54	32						
55	33						
56	35						
57	39						
58	41						
59	43						
60	46						
61	49						
62	51						
63	54						
64	57						
65	58						
66	59						
67	63						
68	66				max	75	74
69	68				e^-2	35	10.01481096
70	70				e^-2	105	10.01481096
71	73						
72	73						
73	73						
74	73						
75	74						
76	73						
77	72						
78	73						
79	72						
80	70						
81	69						
82	69						
83	67						
84	63						
85	59						
86	57						
87	54						
88	51						
89	48						
90	44						
91	41						
92	39						
93	36						
94	32						
95	29						
96	27						
97	25						
98	21						
99	18						
100	17						
101	16						
102	14						
103	12						
104	11						
105	10						
106	10						
107	9						
108	7						
109	6						
110	7						
111	7						
112	7						
113	7						
114	7						
115	6						
116	6						
117	6						
118	6						
119	6						
120	6						
121	6						
122	5						
123	5						
124	6						
125	6						
126	5						
127	6						
128	7						
129	6						
130	5						
131	7						
132	5						
133	4						
134	4						
135	5						
136	5						
137	6						
138	6						
139	5						
140	5						
141	6						
142	6						
143	5						
144	6						
145	5						
146	4						
147	5						
148	5						
149	6						
150	7						
151	5						
