X	Y
0	13.000
1	14.000
2	14.000
3	14.000
4	14.000
5	14.000
6	14.000
7	14.000
8	15.000
9	16.000
10	15.000
11	15.000
12	14.000
13	15.000
14	15.000
15	14.000
16	14.000
17	15.000
18	16.000
19	16.000
20	16.000
21	16.000
22	16.000
23	16.000
24	17.000
25	18.000
26	17.000
27	17.000
28	17.000
29	18.000
30	18.000
31	17.000
32	18.000
33	19.000
34	18.000
35	18.000
36	19.000
37	18.000
38	18.000
39	20.000
40	20.000
41	20.000
42	20.000
43	20.000
44	20.000
45	22.000
46	23.000
47	23.000
48	22.000
49	22.000
50	22.000
51	23.000
52	23.000
53	23.000
54	23.000
55	23.000
56	23.000
57	22.000
58	23.000
59	25.000
60	26.000
61	26.000
62	27.000
63	27.000
64	26.000
65	26.000
66	27.000
67	28.000
68	27.000
69	27.000
70	27.000
71	27.000
72	28.000
73	27.000
74	28.000
75	30.000
76	31.000
77	32.000
78	31.000
79	32.000
80	32.000
81	33.000
82	33.000
83	32.000
84	31.000
85	30.000
86	30.000
87	31.000
88	32.000
89	34.000
90	35.000
91	36.000
92	35.000
93	36.000
94	37.000
95	38.000
96	39.000
97	37.000
98	36.000
99	36.000
100	36.000
101	34.000
102	35.000
103	37.000
104	37.000
105	37.000
106	38.000
107	39.000
108	39.000
109	39.000
110	39.000
111	39.000
112	37.000
113	36.000
114	35.000
115	34.000
116	35.000
117	37.000
118	38.000
119	39.000
120	39.000
121	39.000
122	40.000
123	40.000
124	39.000
125	37.000
126	37.000
127	37.000
128	36.000
129	37.000
130	37.000
131	38.000
132	38.000
133	38.000
134	37.000
135	36.000
136	34.000
137	34.000
138	34.000
139	34.000
140	34.000
141	35.000
142	36.000
143	35.000
144	35.000
145	36.000
146	34.000
147	32.000
148	33.000
149	33.000
150	33.000
151	34.000
152	34.000
153	32.000
154	32.000
155	30.000
156	30.000
157	29.000
158	29.000
159	30.000
160	30.000
161	28.000
162	28.000
163	29.000
164	29.000
165	28.000
166	26.000
167	26.000
168	26.000
169	26.000
170	26.000
171	26.000
172	25.000
173	23.000
174	24.000
175	23.000
176	23.000
177	23.000
178	23.000
179	23.000
180	23.000
181	23.000
182	22.000
183	22.000
184	22.000
185	21.000
186	21.000
187	21.000
188	22.000
189	21.000
190	21.000
191	20.000
192	19.000
193	19.000
194	19.000
195	18.000
196	18.000
197	18.000
198	18.000
199	18.000
200	17.000
201	16.000
202	17.000
203	17.000
204	17.000
205	16.000
206	15.000
207	15.000
208	16.000
209	16.000
210	16.000
211	16.000
212	15.000
213	14.000
214	14.000
215	14.000
216	14.000
217	14.000
218	14.000
219	13.000
220	12.000
221	13.000
222	14.000
223	13.000
224	11.000
225	12.000
226	14.000
227	13.000
228	12.000
229	14.000
230	13.000
231	11.000
232	11.000
233	11.000
234	12.000
235	12.000
236	12.000
237	11.000
238	11.000
239	11.000
240	11.000
241	11.000
242	11.000
243	11.000
244	11.000
245	11.000
246	11.000
247	10.000
248	11.000
