X	Y						
0	17						
1	17						
2	17						
3	17						
4	17						
5	18						
6	18						
7	17						
8	18						
9	18						
10	17						
11	18						
12	19						
13	18						
14	20						
15	20						
16	19						
17	19						
18	18						
19	19						
20	19						
21	19						
22	20						
23	21						
24	21						
25	22						
26	23						
27	23						
28	23						
29	23						
30	23						
31	23						
32	23						
33	23						
34	23						
35	25						
36	26						
37	27						
38	28						
39	29						
40	29						
41	30						
42	30						
43	32						
44	34						
45	32						
46	32						
47	33						
48	33						
49	34						
50	34						
51	36						
52	37						
53	39						
54	40						
55	42						
56	43						
57	43						
58	44						
59	45						
60	46						
61	45						
62	47						
63	48						
64	49						
65	50						
66	53						
67	55						
68	55						
69	56						
70	57						
71	59						
72	60						
73	60						
74	61						
75	62						
76	62						
77	64						
78	64						
79	65						
80	68						
81	71						
82	72						
83	74						
84	76						
85	79						
86	81						
87	81						
88	80						
89	80						
90	80						
91	80						
92	81						
93	80						
94	80						
95	82						
96	82						
97	84						
98	88						
99	91						
100	93						
101	96						
102	100						
103	104						
104	105						
105	103						
106	102						
107	102						
108	100						
109	99						
110	98						
111	97						
112	99						
113	100						
114	103						
115	107						
116	111						
117	113						
118	115						
119	117						
120	117						
121	116						
122	115						
123	112						
124	111						
125	111						
126	112						
127	112						
128	114						
129	118						
130	122						
131	122						
132	123						
133	125						
134	128						
135	127						
136	124						
137	121						
138	119						
139	116						
140	114						
141	115						
142	117						
143	120						
144	124						
145	128				max	145	128
146	127				e^-2	4	17.32291625
147	125				e^-2	271	17.32291625
148	126						
149	122						
150	116				w1/pixel	141	
151	113				w2/pixel	126	
152	111				w_average	133.5	
153	109						
154	112						
155	117				r	I?	
156	120				-145	12.09291781	
157	122				-144	12.49153665	
158	120				-143	12.90039949	
159	120				-142	13.31965512	
160	120				-141	13.74945007	
161	116				-140	14.1899284	
162	111				-139	14.64123149	
163	111				-138	15.10349785	
164	111				-137	15.57686287	
165	111				-136	16.0614586	
166	113				-135	16.55741355	
167	112				-134	17.06485245	
168	111				-133	17.58389599	
169	110				-132	18.11466064	
170	106				-131	18.6572584	
171	101				-130	19.2117965	
172	98				-129	19.77837728	
173	97				-128	20.35709782	
174	96				-127	20.9480498	
175	96				-126	21.55131921	
176	99				-125	22.16698609	
177	100				-124	22.79512435	
178	100				-123	23.43580146	
179	100				-122	24.08907825	
180	97				-121	24.75500862	
181	94				-120	25.43363938	
182	92				-119	26.12500992	
183	90				-118	26.82915202	
184	89				-117	27.54608963	
185	89				-116	28.27583859	
186	89				-115	29.01840642	
187	88				-114	29.7737921	
188	85				-113	30.54198586	
189	84				-112	31.32296893	
190	83				-111	32.11671331	
191	80				-110	32.92318164	
192	75				-109	33.7423269	
193	74				-108	34.57409227	
194	75				-107	35.41841093	
195	75				-106	36.27520585	
196	76				-105	37.14438965	
197	77				-104	38.02586438	
198	76				-103	38.91952139	
199	74				-102	39.82524117	
200	71				-101	40.74289321	
201	68				-100	41.67233583	
202	67				-99	42.61341609	
203	67				-98	43.56596964	
204	67				-97	44.52982065	
205	65				-96	45.50478167	
206	64				-95	46.49065357	
207	63				-94	47.48722545	
208	61				-93	48.49427461	
209	59				-92	49.51156645	
210	56				-91	50.53885445	
211	54				-90	51.57588017	
212	54				-89	52.62237318	
213	54				-88	53.67805115	
214	55				-87	54.74261974	
215	55				-86	55.81577275	
216	53				-85	56.89719207	
217	52				-84	57.9865478	
218	52				-83	59.08349827	
219	50				-82	60.18769016	
220	48				-81	61.29875857	
221	46				-80	62.41632717	
222	46				-79	63.5400083	
223	45				-78	64.66940313	
224	46				-77	65.8041018	
225	44				-76	66.94368363	
226	43				-75	68.08771727	
227	42				-74	69.23576096	
228	41				-73	70.38736268	
229	39				-72	71.54206045	
230	38				-71	72.69938254	
231	37				-70	73.85884778	
232	38				-69	75.01996579	
233	38				-68	76.18223732	
234	37				-67	77.34515455	
235	36				-66	78.50820139	
236	35				-65	79.67085386	
237	33				-64	80.83258044	
238	32				-63	81.9928424	
239	31				-62	83.15109422	
240	30				-61	84.30678399	
241	30				-60	85.45935379	
242	30				-59	86.60824012	
243	30				-58	87.75287435	
244	29				-57	88.89268313	
245	27				-56	90.02708891	
246	27				-55	91.15551032	
247	27				-54	92.27736272	
248	25				-53	93.39205864	
249	25				-52	94.49900831	
250	25				-51	95.59762014	
251	25				-50	96.68730125	
252	25				-49	97.76745797	
253	24				-48	98.8374964	
254	23				-47	99.89682289	
255	22				-46	100.9448446	
256	22				-45	101.9809702	
257	22				-44	103.00461	
258	22				-43	104.0151771	
259	21				-42	105.0120873	
260	21				-41	105.9947601	
261	22				-40	106.9626194	
262	20				-39	107.9150933	
263	20				-38	108.8516155	
264	20				-37	109.7716253	
265	19				-36	110.6745687	
266	19				-35	111.5598982	
267	19				-34	112.427074	
268	18				-33	113.2755643	
269	18				-32	114.1048457	
270	18				-31	114.9144041	
271	17				-30	115.703735	
272	17				-29	116.4723438	
273	17				-28	117.2197468	
274	18				-27	117.9454715	
275	17				-26	118.6490568	
276	16				-25	119.3300539	
277	16				-24	119.9880267	
278	17				-23	120.6225522	
279	17				-22	121.2332207	
280	16				-21	121.8196367	
281	16				-20	122.381419	
282	16				-19	122.9182014	
283	16				-18	123.4296327	
284	16				-17	123.9153775	
285	16				-16	124.3751161	
286	16				-15	124.8085454	
287	15				-14	125.2153789	
288	15				-13	125.5953469	
289	15				-12	125.9481971	
290	14				-11	126.2736947	
291	14				-10	126.5716228	
292	14				-9	126.8417825	
293	15				-8	127.083993	
294	15				-7	127.2980923	
295	15				-6	127.4839367	
296	15				-5	127.6414016	
297	14				-4	127.7703811	
					-3	127.8707887	
					-2	127.9425566	
					-1	127.9856367	
					0	128	
					1	127.9856367	
					2	127.9425566	
					3	127.8707887	
					4	127.7703811	
					5	127.6414016	
					6	127.4839367	
					7	127.2980923	
					8	127.083993	
					9	126.8417825	
					10	126.5716228	
					11	126.2736947	
					12	125.9481971	
					13	125.5953469	
					14	125.2153789	
					15	124.8085454	
					16	124.3751161	
					17	123.9153775	
					18	123.4296327	
					19	122.9182014	
					20	122.381419	
					21	121.8196367	
					22	121.2332207	
					23	120.6225522	
					24	119.9880267	
					25	119.3300539	
					26	118.6490568	
					27	117.9454715	
					28	117.2197468	
					29	116.4723438	
					30	115.703735	
					31	114.9144041	
					32	114.1048457	
					33	113.2755643	
					34	112.427074	
					35	111.5598982	
					36	110.6745687	
					37	109.7716253	
					38	108.8516155	
					39	107.9150933	
					40	106.9626194	
					41	105.9947601	
					42	105.0120873	
					43	104.0151771	
					44	103.00461	
					45	101.9809702	
					46	100.9448446	
					47	99.89682289	
					48	98.8374964	
					49	97.76745797	
					50	96.68730125	
					51	95.59762014	
					52	94.49900831	
					53	93.39205864	
					54	92.27736272	
					55	91.15551032	
					56	90.02708891	
					57	88.89268313	
					58	87.75287435	
					59	86.60824012	
					60	85.45935379	
					61	84.30678399	
					62	83.15109422	
					63	81.9928424	
					64	80.83258044	
					65	79.67085386	
					66	78.50820139	
					67	77.34515455	
					68	76.18223732	
					69	75.01996579	
					70	73.85884778	
					71	72.69938254	
					72	71.54206045	
					73	70.38736268	
					74	69.23576096	
					75	68.08771727	
					76	66.94368363	
					77	65.8041018	
					78	64.66940313	
					79	63.5400083	
					80	62.41632717	
					81	61.29875857	
					82	60.18769016	
					83	59.08349827	
					84	57.9865478	
					85	56.89719207	
					86	55.81577275	
					87	54.74261974	
					88	53.67805115	
					89	52.62237318	
					90	51.57588017	
					91	50.53885445	
					92	49.51156645	
					93	48.49427461	
					94	47.48722545	
					95	46.49065357	
					96	45.50478167	
					97	44.52982065	
					98	43.56596964	
					99	42.61341609	
					100	41.67233583	
					101	40.74289321	
					102	39.82524117	
					103	38.91952139	
					104	38.02586438	
					105	37.14438965	
					106	36.27520585	
					107	35.41841093	
					108	34.57409227	
					109	33.7423269	
					110	32.92318164	
					111	32.11671331	
					112	31.32296893	
					113	30.54198586	
					114	29.7737921	
					115	29.01840642	
					116	28.27583859	
					117	27.54608963	
					118	26.82915202	
					119	26.12500992	
					120	25.43363938	
					121	24.75500862	
					122	24.08907825	
					123	23.43580146	
					124	22.79512435	
					125	22.16698609	
					126	21.55131921	
					127	20.9480498	
					128	20.35709782	
					129	19.77837728	
					130	19.2117965	
					131	18.6572584	
					132	18.11466064	
					133	17.58389599	
					134	17.06485245	
					135	16.55741355	
					136	16.0614586	
					137	15.57686287	
					138	15.10349785	
					139	14.64123149	
					140	14.1899284	
					141	13.74945007	
					142	13.31965512	
					143	12.90039949	
					144	12.49153665	
					145	12.09291781	
					146	11.70439213	
					147	11.32580691	
					148	10.95700779	
					149	10.59783894	
					150	10.24814326	
					151	9.907762504	
					152	9.576537537	
